elevator_interaction:
  depth: 0.43
  end_joint_angles:
    joint1: 0.32431807044895555
    joint2: 0.26360730633501817
    joint3: 1.4382278037773433
    joint4: 0.039153392184669754
  gradient: 0.0
  home_joint_angles:
    joint1: 0.0
    joint2: 0.0
    joint3: 0.0
    joint4: 0.0
  initial_joint_angles:
    joint1: 0.32113237910444431
    joint2: 0.24307935013443138
    joint3: 1.4447667807737388
    joint4: 0.23472966974367132
  initial_pose:
    pitch: 0.0
    roll: 0.0
    x: 0.413
    y: -0.285
    yaw: 0.0
    z: 1.064
  pixel_coordinates:
    x: 1073
    y: 408
  target_joint_angles:
    joint1: 0.58715830127355362
    joint2: 0.25898067240385308
    joint3: 1.088791930142553
    joint4: -0.0011502974169892493
  target_pose:
    pitch: 0.0
    roll: 0.0
    x: 0.49
    y: -0.285
    yaw: 0.0
    z: 1.0644