elevator_interaction:
  depth: 0.43
  end_joint_angles:
    joint1: 0.3206704327337771
    joint2: 0.24025706744978076
    joint3: 1.4448600807709071
    joint4: 0.23445114690490834
  gradient: 0.0
  home_joint_angles:
    joint1: 0.0
    joint2: 0.0
    joint3: 0.0
    joint4: 0.0
  initial_joint_angles:
    joint1: 0.3268690486060184
    joint2: 0.26573020777141021
    joint3: 1.4356991754016344
    joint4: 0.006792411591475974
  initial_pose:
    pitch: 0.0
    roll: 0.0
    x: 0.413
    y: -0.285
    yaw: 0.0
    z: 1.064
  pixel_coordinates:
    x: 1073
    y: 408
  target_joint_angles:
    joint1: 0.57988608001627473
    joint2: 0.23899697000495254
    joint3: 1.0971486597185756
    joint4: 0.17050909851334248
  target_pose:
    pitch: 0.0
    roll: 0.0
    x: 0.49
    y: -0.285
    yaw: 0.0
    z: 1.064