elevator_interaction:
  depth: 0.42000000000000004
  end_joint_angles:
    joint1: 0.25105236834543615
    joint2: 0.15785325034537365
    joint3: 1.5155147588083406
    joint4: -0.044701205954329401
  gradient: 0.0
  home_joint_angles:
    joint1: 0.0
    joint2: 0.0
    joint3: 0.0
    joint4: 0.0
  initial_joint_angles:
    joint1: 0.25119495096686745
    joint2: 0.15497664687475221
    joint3: 1.5122537500384021
    joint4: -0.0096881473638899349
  initial_pose:
    pitch: 0.0
    roll: 0.0
    x: 0.403
    y: -0.241
    yaw: 0.0
    z: 1.063
  pixel_coordinates:
    x: 1026
    y: 410
  target_joint_angles:
    joint1: 0.50467928309770127
    joint2: 0.13678323514914215
    joint3: 1.1769186384399957
    joint4: -0.012377219035755813
  target_pose:
    pitch: 0.0
    roll: 0.0
    x: 0.48
    y: -0.241
    yaw: 0.0
    z: 1.063