elevator_interaction:
  depth: 0.526
  end_joint_angles:
    joint1: 0.25105236834543615
    joint2: 0.15785325034537365
    joint3: 1.5155147588083406
    joint4: -0.0447012059543294
  gradient: -0.02
  home_joint_angles:
    joint1: 0.0
    joint2: 0.0
    joint3: 0.0
    joint4: 0.0
  initial_joint_angles:
    joint1: 0.25119495096686745
    joint2: 0.1549766468747522
    joint3: 1.5122537500384021
    joint4: -0.009688147363889935
  initial_pose:
    pitch: 0.0
    roll: 0.0
    x: 0.509
    y: -0.15
    yaw: 0.0
    z: 0.875
  pixel_coordinates:
    x: 854
    y: 593
  target_button: button-1
  target_joint_angles:
    joint1: 0.5046792830977013
    joint2: 0.13678323514914215
    joint3: 1.1769186384399957
    joint4: -0.012377219035755813
  target_pose:
    pitch: 0.0
    roll: 0.0
    x: 0.586
    y: -0.148
    yaw: 0.0
    z: 0.874
