elevator_interaction:
  depth: 0.43200000000000005
  end_joint_angles:
    joint1: 0.28430790999810873
    joint2: 0.09683553347177272
    joint3: 1.4785942535457128
    joint4: 0.31647734778567987
  gradient: 0.0
  home_joint_angles:
    joint1: 0.0
    joint2: 0.0
    joint3: 0.0
    joint4: 0.0
  initial_joint_angles:
    joint1: 0.28511713637666791
    joint2: 0.093860208286932909
    joint3: 1.4789650897462112
    joint4: 0.32659665715539332
  initial_pose:
    pitch: 0.0
    roll: 0.0
    x: 0.415
    y: -0.233
    yaw: 0.0
    z: 1.065
  pixel_coordinates:
    x: 1006
    y: 406
  target_joint_angles:
    joint1: 0.54495338672469207
    joint2: 0.085476383864110508
    joint3: 1.1250396309975625
    joint4: 0.28920986951213595
  target_pose:
    pitch: 0.0
    roll: 0.0
    x: 0.492
    y: -0.233
    yaw: 0.0
    z: 1.065