elevator_interaction:
  depth: 0.61
  end_joint_angles:
    joint1: 0.87515271746873513
    joint2: 0.078444382859780934
    joint3: 1.0018474709447138
    joint4: 0.10318801139110043
  gradient: 0.05
  home_joint_angles:
    joint1: 0.0
    joint2: 0.0
    joint3: 0.0
    joint4: 0.0
  initial_joint_angles:
    joint1: 0.87685213110294979
    joint2: 0.099196553420314706
    joint3: 1.0013014457820164
    joint4: -0.061134094451646595
  initial_pose:
    pitch: 0.0
    roll: 0.0
    x: 0.516
    y: -0.224
    yaw: 0.0
    z: 1.194
  pixel_coordinates:
    x: 900
    y: 280
  target_joint_angles:
    joint1: 1.4349532944892134
    joint2: 0.37309783077179842
    joint3: 0.074542152689659719
    joint4: 0.015426245293514695
  target_pose:
    pitch: 0.0
    roll: 0.0
    x: 0.631
    y: -0.231
    yaw: 0.0
    z: 1.194