elevator_interaction:
  depth: 0.41
  end_joint_angles:
    joint1: 0.24654665360959357
    joint2: 0.21788989393667108
    joint3: 1.537125643089728
    joint4: 0.26676812284825091
  gradient: -0.01
  home_joint_angles:
    joint1: 0.0
    joint2: 0.0
    joint3: 0.0
    joint4: 0.0
  initial_joint_angles:
    joint1: 0.24753432256073385
    joint2: 0.20315095694383437
    joint3: 1.5401524690118051
    joint4: 0.40296982625886041
  initial_pose:
    pitch: 0.0
    roll: 0.0
    x: 0.393
    y: -0.275
    yaw: 0.0
    z: 1.065
  pixel_coordinates:
    x: 1079
    y: 408
  target_joint_angles:
    joint1: 0.5078943316213661
    joint2: 0.25925563327414758
    joint3: 1.2048860938069577
    joint4: -0.31162519205550826
  target_pose:
    pitch: 0.0
    roll: 0.0
    x: 0.47
    y: -0.274
    yaw: 0.0
    z: 1.065